2458450.207123495
2458450.20728669
2458450.207449884
2458450.207613079
2458450.207776273
2458450.2079394674
2458450.208102662
2458450.2082658564
2458450.208429051
2458450.2085922454
2458450.2087554396
2458450.2089186343
2458450.2090818286
2458450.2092450233
2458450.2094082176
2458450.209571412
2458450.2097346066
2458450.209897801
2458450.2100609955
2458450.21022419
2458450.210387384
2458450.210550579
2458450.210713773
2458450.2108769678
2458450.211040162
2458450.2112033563
2458450.211366551
2458450.2115297453
2458450.21169294
2458450.2118561342
2458450.2120193285
2458450.212182523
2458450.2123457175
2458450.212508912
2458450.2126721065
2458450.2128353007
2458450.2129984954
2458450.2131616897
2458450.2133248844
2458450.2134880787
2458450.213651273
2458450.2138144677
2458450.213977662
2458450.2141408566
2458450.214304051
2458450.214467245
2458450.21463044
2458450.214793634
2458450.214956829
2458450.215120023
2458450.2152832174
2458450.215446412
2458450.2156096064
2458450.215772801
2458450.2159359953
2458450.2160991896
2458450.2162623843
2458450.2164255786
2458450.2165887733
2458450.2167519676
2458450.216915162
2458450.2170783565
2458450.217241551
2458450.2174047455
2458450.21756794
2458450.217731134
2458450.2178943288
2458450.218057523
2458450.2182207177
2458450.218383912
2458450.2185471063
2458450.218710301
2458450.2188734952
2458450.21903669
2458450.219199884
2458450.2193630785
2458450.219526273
2458450.2196894675
2458450.219852662
2458450.2200158564
2458450.2201790507
2458450.2203422454
2458450.2205054397
2458450.2206686344
2458450.2208318287
2458450.2209950234
2458450.2211582176
2458450.221321412
2458450.2214846066
2458450.221647801
2458450.2218109956
2458450.22197419
2458450.222137384
2458450.222300579
2458450.222463773
2458450.222626968
2458450.222790162
2458450.2229533563
2458450.223116551
2458450.2232797453
2458450.22344294
2458450.2236061343
2458450.2237693286
2458450.2239325233
2458450.2240957175
2458450.2242589123
2458450.2244221065
2458450.224585301
2458450.2247484955
2458450.2249116898
2458450.2250748845
2458450.2252380787
2458450.225401273
2458450.2255644677
2458450.225727662
2458450.2258908567
2458450.226054051
2458450.226217245
2458450.22638044
2458450.226543634
2458450.226706829
2458450.226870023
2458450.2270332174
2458450.227196412
2458450.2273596064
2458450.227522801
2458450.2276859954
2458450.2278491897
2458450.2280123844
2458450.2281755786
2458450.2283387734
2458450.2285019676
2458450.228665162
2458450.2288283566
2458450.228991551
2458450.2291547456
2458450.22931794
2458450.229481134
2458450.229644329
2458450.229807523
2458450.229970718
2458450.230133912
2458450.2302971063
2458450.230460301
2458450.2306234953
2458450.23078669
2458450.2309498843
2458450.2311130785
2458450.2312762733
2458450.2314394675
2458450.2316026622
2458450.2317658565
2458450.2319290508
2458450.2320922455
2458450.2322554397
2458450.2324186345
2458450.2325818287
2458450.232745023
2458450.2329082177
2458450.233071412
2458450.2332346067
2458450.233397801
2458450.233560995
2458450.23372419
2458450.233887384
2458450.234050579
2458450.234213773
2458450.2343769674
2458450.234540162
2458450.2347033564
2458450.234866551
2458450.2350297454
2458450.2351929396
2458450.2353561344
2458450.2355193286
2458450.2356825233
2458450.2358457176
2458450.236008912
2458450.2361721066
2458450.236335301
2458450.2364984956
2458450.23666169
2458450.236824884
2458450.236988079
2458450.237151273
2458450.237314468
2458450.237477662
2458450.2376408563
2458450.237804051
2458450.2379672453
2458450.23813044
2458450.2382936343
2458450.2384568285
2458450.2386200232
2458450.2387832175
2458450.238946412
2458450.2391096065
2458450.2392728007
2458450.2394359955
2458450.2395991897
2458450.2397623844
2458450.2399255787
2458450.240088773
2458450.2402519677
2458450.240415162
2458450.2405783567
2458450.240741551
2458450.240904745
2458450.24106794
2458450.241231134
2458450.241394329
2458450.241557523
2458450.2417207174
2458450.241883912
2458450.2420471064
2458450.242210301
2458450.2423734954
2458450.2425366896
2458450.2426998843
2458450.2428630786
2458450.2430262733
2458450.2431894676
2458450.243352662
2458450.2435158566
2458450.243679051
2458450.2438422455
2458450.24400544
2458450.244168634
2458450.244331829
2458450.244495023
2458450.2446582178
2458450.244821412
2458450.2449846063
2458450.245147801
2458450.2453109953
2458450.24547419
2458450.2456373842
2458450.2458005785
2458450.245963773
2458450.2461269675
2458450.246290162
2458450.2464533565
2458450.2466165507
2458450.2467797454
