2458450.2068055556
2458450.206835185
2458450.2068648147
2458450.2068944443
2458450.206924074
2458450.206953704
2458450.2069833335
2458450.207012963
2458450.2070425926
2458450.207072222
2458450.2071018517
2458450.2071314813
2458450.2071611113
2458450.207190741
2458450.2072203704
2458450.20725
2458450.2072796295
2458450.207309259
2458450.2073388887
2458450.2073685187
2458450.2073981483
2458450.207427778
2458450.2074574074
2458450.207487037
2458450.2075166665
2458450.207546296
2458450.207575926
2458450.2076055557
2458450.207635185
2458450.207664815
2458450.2076944443
2458450.207724074
2458450.207753704
2458450.2077833335
2458450.207812963
2458450.2078425926
2458450.207872222
2458450.2079018517
2458450.2079314813
2458450.2079611113
2458450.207990741
2458450.2080203705
2458450.20805
2458450.2080796296
2458450.208109259
2458450.2081388887
2458450.2081685187
2458450.2081981483
2458450.208227778
2458450.2082574074
2458450.208287037
2458450.2083166665
2458450.208346296
2458450.208375926
2458450.2084055557
2458450.2084351853
2458450.208464815
2458450.2084944444
2458450.208524074
2458450.2085537035
2458450.2085833335
2458450.208612963
2458450.2086425927
2458450.208672222
2458450.208701852
2458450.2087314813
2458450.208761111
2458450.208790741
2458450.2088203705
2458450.20885
2458450.2088796296
2458450.208909259
2458450.2089388887
2458450.2089685183
2458450.2089981483
2458450.209027778
2458450.2090574075
2458450.209087037
2458450.2091166666
2458450.209146296
2458450.2091759257
2458450.2092055557
2458450.2092351853
2458450.209264815
2458450.2092944444
2458450.209324074
2458450.2093537035
2458450.209383333
2458450.209412963
2458450.2094425927
2458450.2094722223
2458450.209501852
2458450.2095314814
2458450.209561111
2458450.209590741
2458450.2096203705
2458450.20965
2458450.2096796297
2458450.209709259
2458450.209738889
2458450.2097685183
2458450.2097981484
2458450.209827778
2458450.2098574075
2458450.209887037
2458450.2099166666
2458450.209946296
2458450.2099759257
2458450.210005556
2458450.2100351853
2458450.210064815
2458450.2100944445
2458450.210124074
2458450.2101537036
2458450.210183333
2458450.210212963
2458450.2102425927
2458450.2102722223
2458450.210301852
2458450.2103314814
2458450.210361111
2458450.2103907405
2458450.2104203706
2458450.21045
2458450.2104796297
2458450.2105092593
2458450.210538889
2458450.2105685184
2458450.210598148
2458450.210627778
2458450.2106574075
2458450.210687037
2458450.2107166667
2458450.210746296
2458450.210775926
2458450.2108055553
2458450.2108351854
2458450.210864815
2458450.2108944445
2458450.210924074
2458450.2109537036
2458450.210983333
2458450.2110129627
2458450.211042593
2458450.2110722223
2458450.211101852
2458450.2111314815
2458450.211161111
2458450.2111907406
2458450.21122037
2458450.21125
2458450.2112796297
2458450.2113092593
2458450.211338889
2458450.2113685184
2458450.211398148
2458450.211427778
2458450.2114574076
2458450.211487037
2458450.2115166667
2458450.2115462963
2458450.211575926
2458450.2116055554
2458450.2116351854
2458450.211664815
2458450.2116944445
2458450.211724074
2458450.2117537037
2458450.211783333
2458450.211812963
2458450.211842593
2458450.2118722224
2458450.211901852
2458450.2119314815
2458450.211961111
2458450.2119907406
2458450.21202037
2458450.21205
2458450.21207963
2458450.2121092593
2458450.212138889
2458450.2121685185
2458450.212198148
2458450.2122277776
2458450.2122574076
2458450.212287037
2458450.2123166667
2458450.2123462963
2458450.212375926
2458450.2124055554
2458450.212435185
2458450.212464815
2458450.2124944446
2458450.212524074
2458450.2125537037
2458450.2125833333
2458450.212612963
2458450.2126425924
2458450.2126722224
2458450.212701852
2458450.2127314815
2458450.212761111
2458450.2127907407
2458450.21282037
2458450.21285
2458450.21287963
2458450.2129092594
2458450.212938889
2458450.2129685185
2458450.212998148
2458450.2130277776
2458450.213057407
2458450.213087037
2458450.213116667
2458450.2131462963
2458450.213175926
2458450.2132055555
2458450.213235185
2458450.213264815
2458450.2132944446
2458450.213324074
2458450.2133537037
2458450.2133833333
2458450.213412963
2458450.2134425924
2458450.2134722224
2458450.213501852
2458450.2135314816
2458450.213561111
2458450.2135907407
2458450.2136203703
2458450.21365
2458450.21367963
2458450.2137092594
2458450.213738889
2458450.2137685185
2458450.213798148
2458450.2138277777
2458450.213857407
2458450.2138870372
2458450.213916667
2458450.2139462964
2458450.213975926
2458450.2140055555
2458450.214035185
2458450.2140648146
2458450.2140944446
2458450.214124074
2458450.214153704
2458450.2141833333
2458450.214212963
2458450.2142425925
2458450.214272222
2458450.214301852
2458450.2143314816
2458450.214361111
2458450.2143907407
2458450.2144203703
2458450.21445
2458450.2144796294
2458450.2145092594
2458450.214538889
2458450.2145685186
2458450.214598148
2458450.2146277777
2458450.2146574073
2458450.214687037
2458450.214716667
2458450.2147462964
2458450.214775926
2458450.2148055555
2458450.214835185
2458450.2148648147
2458450.214894444
2458450.2149240742
2458450.214953704
2458450.2149833334
2458450.215012963
2458450.2150425925
2458450.215072222
2458450.215101852
2458450.2151314816
2458450.215161111
2458450.215190741
2458450.2152203703
2458450.21525
2458450.2152796295
2458450.2153092595
2458450.215338889
2458450.2153685186
2458450.215398148
2458450.2154277777
2458450.2154574073
2458450.215487037
2458450.215516667
2458450.2155462964
2458450.215575926
2458450.2156055556
2458450.215635185
2458450.2156648147
2458450.2156944443
2458450.2157240743
2458450.215753704
2458450.2157833334
2458450.215812963
2458450.2158425925
2458450.215872222
2458450.2159018517
2458450.2159314817
2458450.2159611112
2458450.215990741
2458450.2160203704
2458450.21605
2458450.2160796295
2458450.216109259
2458450.216138889
2458450.2161685186
2458450.216198148
2458450.216227778
2458450.2162574073
2458450.216287037
2458450.2163166665
2458450.2163462965
2458450.216375926
2458450.2164055556
2458450.216435185
2458450.2164648147
2458450.2164944443
2458450.216524074
2458450.216553704
2458450.2165833334
2458450.216612963
2458450.2166425926
2458450.216672222
2458450.2167018517
2458450.2167314813
2458450.2167611113
2458450.216790741
2458450.2168203704
2458450.21685
2458450.2168796295
2458450.216909259
2458450.216938889
2458450.2169685187
2458450.2169981482
2458450.217027778
2458450.2170574074
2458450.217087037
2458450.2171166665
2458450.2171462965
2458450.217175926
2458450.2172055556
2458450.217235185
2458450.217264815
2458450.2172944443
2458450.217324074
2458450.217353704
2458450.2173833335
2458450.217412963
2458450.2174425926
2458450.217472222
2458450.2175018517
2458450.2175314813
2458450.2175611113
2458450.217590741
2458450.2176203704
2458450.21765
2458450.2176796296
2458450.217709259
2458450.2177388887
2458450.2177685187
2458450.2177981483
2458450.217827778
2458450.2178574074
2458450.217887037
2458450.2179166665
2458450.217946296
2458450.217975926
2458450.2180055557
2458450.2180351852
2458450.218064815
2458450.2180944444
2458450.218124074
2458450.2181537035
2458450.2181833335
2458450.218212963
2458450.2182425926
2458450.218272222
2458450.218301852
2458450.2183314813
2458450.218361111
2458450.218390741
2458450.2184203705
2458450.21845
2458450.2184796296
2458450.218509259
2458450.2185388887
2458450.2185685183
2458450.2185981483
2458450.218627778
2458450.2186574074
2458450.218687037
2458450.2187166666
2458450.218746296
2458450.218775926
2458450.2188055557
2458450.2188351853
2458450.218864815
2458450.2188944444
2458450.218924074
2458450.2189537035
2458450.2189833336
2458450.219012963
2458450.2190425927
2458450.2190722222
2458450.219101852
2458450.2191314814
2458450.219161111
2458450.219190741
2458450.2192203705
2458450.21925
2458450.2192796296
2458450.219309259
2458450.219338889
2458450.2193685183
2458450.2193981484
2458450.219427778
2458450.2194574075
2458450.219487037
2458450.2195166666
2458450.219546296
2458450.2195759257
2458450.2196055558
2458450.2196351853
2458450.219664815
2458450.2196944444
2458450.219724074
2458450.2197537036
2458450.219783333
2458450.219812963
2458450.2198425927
2458450.2198722223
2458450.219901852
2458450.2199314814
2458450.219961111
2458450.2199907405
2458450.2200203706
2458450.22005
2458450.2200796297
2458450.2201092592
2458450.220138889
2458450.2201685184
2458450.220198148
2458450.220227778
2458450.2202574075
2458450.220287037
2458450.2203166666
2458450.220346296
2458450.220375926
2458450.2204055553
2458450.2204351854
2458450.220464815
2458450.2204944445
2458450.220524074
2458450.2205537036
2458450.220583333
2458450.2206129627
2458450.2206425928
2458450.2206722223
2458450.220701852
2458450.2207314814
2458450.220761111
2458450.2207907406
2458450.2208203706
2458450.22085
2458450.2208796297
2458450.2209092593
2458450.220938889
2458450.2209685184
2458450.220998148
2458450.221027778
2458450.2210574076
2458450.221087037
2458450.2211166667
2458450.2211462962
2458450.221175926
2458450.2212055554
2458450.2212351854
2458450.221264815
2458450.2212944445
2458450.221324074
2458450.2213537036
2458450.221383333
2458450.221412963
2458450.221442593
2458450.2214722224
2458450.221501852
2458450.2215314815
2458450.221561111
2458450.2215907406
2458450.22162037
2458450.22165
2458450.2216796298
2458450.2217092593
2458450.221738889
2458450.2217685184
2458450.221798148
2458450.2218277776
2458450.2218574076
2458450.221887037
2458450.2219166667
2458450.2219462963
2458450.221975926
2458450.2220055554
2458450.222035185
2458450.222064815
2458450.2220944446
2458450.222124074
2458450.2221537037
2458450.2221833332
2458450.222212963
2458450.2222425924
2458450.2222722224
2458450.222301852
2458450.2223314815
2458450.222361111
2458450.2223907406
2458450.22242037
2458450.22245
2458450.22247963
2458450.2225092594
2458450.222538889
2458450.2225685185
2458450.222598148
2458450.2226277776
2458450.2226574076
2458450.222687037
2458450.2227166668
2458450.2227462963
2458450.222775926
2458450.2228055554
2458450.222835185
2458450.222864815
2458450.2228944446
2458450.222924074
2458450.2229537037
2458450.2229833333
2458450.223012963
2458450.2230425924
2458450.2230722224
2458450.223101852
2458450.2231314816
2458450.223161111
2458450.2231907407
2458450.2232203702
2458450.22325
2458450.22327963
2458450.2233092594
2458450.223338889
2458450.2233685185
2458450.223398148
2458450.2234277776
2458450.223457407
2458450.2234870372
2458450.223516667
2458450.2235462964
2458450.223575926
2458450.2236055555
2458450.223635185
2458450.2236648146
2458450.2236944446
2458450.223724074
2458450.2237537038
2458450.2237833333
2458450.223812963
2458450.2238425924
2458450.223872222
2458450.223901852
2458450.2239314816
2458450.223961111
2458450.2239907407
2458450.2240203703
2458450.22405
2458450.2240796294
2458450.2241092594
2458450.224138889
2458450.2241685186
2458450.224198148
2458450.2242277777
2458450.2242574072
2458450.224287037
2458450.224316667
2458450.2243462964
2458450.224375926
2458450.2244055555
2458450.224435185
2458450.2244648146
2458450.2244944447
2458450.2245240742
2458450.224553704
2458450.2245833334
2458450.224612963
2458450.2246425925
2458450.224672222
2458450.224701852
2458450.2247314816
2458450.224761111
2458450.2247907408
2458450.2248203703
2458450.22485
2458450.2248796294
2458450.2249092595
2458450.224938889
2458450.2249685186
2458450.224998148
2458450.2250277777
2458450.2250574073
2458450.225087037
2458450.225116667
2458450.2251462964
2458450.225175926
2458450.2252055556
2458450.225235185
2458450.2252648147
2458450.2252944442
2458450.2253240743
2458450.225353704
2458450.2253833334
2458450.225412963
2458450.2254425925
2458450.225472222
2458450.2255018516
2458450.2255314817
2458450.2255611112
2458450.225590741
2458450.2256203704
2458450.22565
2458450.2256796295
2458450.225709259
2458450.225738889
2458450.2257685186
2458450.225798148
2458450.2258277778
2458450.2258574073
2458450.225887037
2458450.2259166664
2458450.2259462965
2458450.225975926
2458450.2260055556
2458450.226035185
2458450.2260648147
2458450.2260944443
2458450.226124074
2458450.226153704
2458450.2261833334
2458450.226212963
2458450.2262425926
2458450.226272222
2458450.2263018517
2458450.2263314817
2458450.2263611113
2458450.226390741
2458450.2264203704
2458450.22645
2458450.2264796295
2458450.226509259
2458450.226538889
2458450.2265685187
2458450.2265981482
2458450.226627778
2458450.2266574074
2458450.226687037
2458450.2267166665
2458450.2267462965
2458450.226775926
2458450.2268055556
2458450.226835185
2458450.2268648148
2458450.2268944443
2458450.226924074
2458450.226953704
2458450.2269833335
2458450.227012963
2458450.2270425926
2458450.227072222
2458450.2271018517
2458450.2271314813
2458450.2271611113
2458450.227190741
2458450.2272203704
2458450.22725
2458450.2272796296
2458450.227309259
2458450.2273388887
2458450.2273685187
2458450.2273981483
2458450.227427778
2458450.2274574074
2458450.227487037
2458450.2275166665
2458450.227546296
2458450.227575926
2458450.2276055557
2458450.2276351852
2458450.227664815
2458450.2276944444
2458450.227724074
2458450.2277537035
2458450.2277833335
2458450.227812963
2458450.2278425926
2458450.227872222
2458450.2279018518
2458450.2279314813
2458450.227961111
2458450.227990741
2458450.2280203705
2458450.22805
2458450.2280796296
2458450.228109259
2458450.2281388887
2458450.2281685187
2458450.2281981483
2458450.228227778
2458450.2282574074
2458450.228287037
2458450.2283166666
2458450.228346296
2458450.228375926
2458450.2284055557
2458450.2284351853
2458450.228464815
2458450.2284944444
2458450.228524074
2458450.2285537035
2458450.2285833335
2458450.228612963
2458450.2286425927
2458450.2286722222
2458450.228701852
2458450.2287314814
2458450.228761111
2458450.228790741
2458450.2288203705
2458450.22885
2458450.2288796296
2458450.228909259
2458450.2289388888
2458450.2289685183
2458450.2289981483
2458450.229027778
2458450.2290574075
2458450.229087037
2458450.2291166666
2458450.229146296
2458450.2291759257
2458450.2292055557
2458450.2292351853
2458450.229264815
2458450.2292944444
2458450.229324074
2458450.2293537036
2458450.229383333
2458450.229412963
2458450.2294425927
2458450.2294722223
2458450.229501852
2458450.2295314814
2458450.229561111
2458450.2295907405
2458450.2296203705
2458450.22965
2458450.2296796297
2458450.2297092592
2458450.229738889
2458450.2297685184
2458450.229798148
2458450.229827778
2458450.2298574075
2458450.229887037
2458450.2299166666
2458450.229946296
2458450.2299759258
2458450.230005556
2458450.2300351853
2458450.230064815
2458450.2300944445
2458450.230124074
2458450.2301537036
2458450.230183333
2458450.230212963
2458450.2302425927
2458450.2302722223
2458450.230301852
2458450.2303314814
2458450.230361111
2458450.2303907406
2458450.2304203706
2458450.23045
2458450.2304796297
2458450.2305092593
2458450.230538889
2458450.2305685184
2458450.230598148
2458450.230627778
2458450.2306574075
2458450.230687037
2458450.2307166667
2458450.2307462962
2458450.230775926
2458450.2308055554
2458450.2308351854
2458450.230864815
2458450.2308944445
2458450.230924074
2458450.2309537036
2458450.230983333
2458450.2310129628
2458450.231042593
2458450.2310722223
2458450.231101852
2458450.2311314815
2458450.231161111
2458450.2311907406
2458450.23122037
2458450.23125
2458450.2312796297
2458450.2313092593
2458450.231338889
2458450.2313685184
2458450.231398148
2458450.2314277776
2458450.2314574076
2458450.231487037
2458450.2315166667
2458450.2315462963
2458450.231575926
2458450.2316055554
2458450.231635185
2458450.231664815
2458450.2316944445
2458450.231724074
2458450.2317537037
2458450.2317833332
2458450.231812963
2458450.231842593
2458450.2318722224
2458450.231901852
2458450.2319314815
2458450.231961111
2458450.2319907406
2458450.23202037
2458450.23205
2458450.23207963
2458450.2321092593
2458450.232138889
2458450.2321685185
2458450.232198148
2458450.2322277776
2458450.2322574076
2458450.232287037
2458450.2323166667
2458450.2323462963
2458450.232375926
2458450.2324055554
2458450.232435185
2458450.232464815
2458450.2324944446
2458450.232524074
2458450.2325537037
2458450.2325833333
2458450.232612963
2458450.2326425924
2458450.2326722224
2458450.232701852
2458450.2327314815
2458450.232761111
2458450.2327907407
2458450.2328203702
2458450.23285
2458450.23287963
2458450.2329092594
2458450.232938889
2458450.2329685185
2458450.232998148
2458450.2330277776
2458450.233057407
2458450.233087037
2458450.233116667
2458450.2331462963
2458450.233175926
2458450.2332055555
2458450.233235185
2458450.2332648146
2458450.2332944446
2458450.233324074
2458450.2333537037
2458450.2333833333
2458450.233412963
2458450.2334425924
2458450.233472222
2458450.233501852
2458450.2335314816
2458450.233561111
2458450.2335907407
2458450.2336203703
2458450.23365
2458450.23367963
2458450.2337092594
2458450.233738889
2458450.2337685185
2458450.233798148
2458450.2338277777
2458450.2338574072
2458450.2338870373
2458450.233916667
2458450.2339462964
2458450.233975926
2458450.2340055555
2458450.234035185
2458450.2340648146
2458450.2340944447
2458450.234124074
2458450.234153704
2458450.2341833333
2458450.234212963
2458450.2342425925
2458450.234272222
2458450.234301852
2458450.2343314816
2458450.234361111
2458450.2343907407
2458450.2344203703
2458450.23445
2458450.2344796294
2458450.2345092595
2458450.234538889
2458450.2345685186
2458450.234598148
2458450.2346277777
2458450.2346574073
2458450.234687037
2458450.234716667
2458450.2347462964
2458450.234775926
2458450.2348055555
2458450.234835185
2458450.2348648147
2458450.2348944442
2458450.2349240743
2458450.234953704
2458450.2349833334
2458450.235012963
2458450.2350425925
2458450.235072222
2458450.2351018516
2458450.2351314817
2458450.235161111
2458450.235190741
2458450.2352203703
2458450.23525
2458450.2352796295
2458450.235309259
2458450.235338889
2458450.2353685186
2458450.235398148
2458450.2354277777
2458450.2354574073
2458450.235487037
2458450.2355166664
2458450.2355462965
2458450.235575926
2458450.2356055556
2458450.235635185
2458450.2356648147
2458450.2356944443
2458450.2357240743
2458450.235753704
2458450.2357833334
2458450.235812963
2458450.2358425925
2458450.235872222
2458450.2359018517
2458450.2359314817
2458450.2359611113
2458450.235990741
2458450.2360203704
2458450.23605
2458450.2360796295
2458450.236109259
2458450.236138889
2458450.2361685187
2458450.236198148
2458450.236227778
2458450.2362574073
2458450.236287037
2458450.2363166665
2458450.2363462965
2458450.236375926
2458450.2364055556
2458450.236435185
2458450.2364648147
2458450.2364944443
2458450.236524074
2458450.236553704
2458450.2365833335
2458450.236612963
2458450.2366425926
2458450.236672222
2458450.2367018517
2458450.2367314813
2458450.2367611113
2458450.236790741
2458450.2368203704
2458450.23685
2458450.2368796295
2458450.236909259
2458450.2369388887
2458450.2369685187
2458450.2369981483
2458450.237027778
2458450.2370574074
2458450.237087037
2458450.2371166665
2458450.237146296
2458450.237175926
2458450.2372055557
2458450.237235185
2458450.237264815
2458450.2372944443
2458450.237324074
2458450.2373537035
2458450.2373833335
2458450.237412963
2458450.2374425926
2458450.237472222
2458450.2375018517
2458450.2375314813
2458450.2375611113
2458450.237590741
2458450.2376203705
2458450.23765
2458450.2376796296
2458450.237709259
2458450.2377388887
2458450.2377685187
2458450.2377981483
2458450.237827778
2458450.2378574074
2458450.237887037
2458450.2379166665
2458450.237946296
2458450.237975926
2458450.2380055557
2458450.2380351853
2458450.238064815
2458450.2380944444
2458450.238124074
2458450.2381537035
2458450.2381833335
2458450.238212963
2458450.2382425927
2458450.238272222
2458450.238301852
2458450.2383314813
2458450.238361111
2458450.238390741
2458450.2384203705
2458450.23845
2458450.2384796296
2458450.238509259
2458450.2385388887
2458450.2385685183
2458450.2385981483
2458450.238627778
2458450.2386574075
2458450.238687037
2458450.2387166666
2458450.238746296
2458450.2387759257
2458450.2388055557
2458450.2388351853
2458450.238864815
2458450.2388944444
2458450.238924074
2458450.2389537035
2458450.238983333
2458450.239012963
2458450.2390425927
2458450.2390722223
2458450.239101852
2458450.2391314814
2458450.239161111
2458450.2391907405
2458450.2392203705
2458450.23925
2458450.2392796297
2458450.239309259
2458450.239338889
2458450.2393685183
2458450.2393981484
2458450.239427778
2458450.2394574075
2458450.239487037
2458450.2395166666
2458450.239546296
2458450.2395759257
2458450.239605556
2458450.2396351853
2458450.239664815
2458450.2396944445
2458450.239724074
2458450.2397537036
2458450.239783333
2458450.239812963
2458450.2398425927
2458450.2398722223
2458450.239901852
2458450.2399314814
2458450.239961111
2458450.2399907405
2458450.2400203706
2458450.24005
2458450.2400796297
2458450.2401092593
2458450.240138889
2458450.2401685184
2458450.240198148
2458450.240227778
2458450.2402574075
2458450.240287037
2458450.2403166667
2458450.240346296
2458450.240375926
2458450.2404055553
2458450.2404351854
2458450.240464815
2458450.2404944445
2458450.240524074
2458450.2405537036
2458450.240583333
2458450.2406129627
2458450.240642593
2458450.2406722223
2458450.240701852
2458450.2407314815
2458450.240761111
2458450.2407907406
2458450.24082037
2458450.24085
2458450.2408796297
2458450.2409092593
2458450.240938889
2458450.2409685184
2458450.240998148
2458450.2410277775
2458450.2410574076
2458450.241087037
2458450.2411166667
2458450.2411462963
2458450.241175926
2458450.2412055554
2458450.2412351854
2458450.241264815
2458450.2412944445
2458450.241324074
2458450.2413537037
2458450.241383333
2458450.241412963
2458450.241442593
2458450.2414722224
2458450.241501852
2458450.2415314815
2458450.241561111
2458450.2415907406
2458450.24162037
2458450.24165
2458450.24167963
2458450.2417092593
2458450.241738889
2458450.2417685185
2458450.241798148
2458450.2418277776
2458450.2418574076
2458450.241887037
2458450.2419166667
2458450.2419462963
2458450.241975926
2458450.2420055554
2458450.242035185
2458450.242064815
2458450.2420944446
2458450.242124074
2458450.2421537037
2458450.2421833333
2458450.242212963
2458450.2422425924
2458450.2422722224
2458450.242301852
2458450.2423314815
2458450.242361111
2458450.2423907407
2458450.24242037
2458450.24245
2458450.24247963
2458450.2425092594
2458450.242538889
2458450.2425685185
2458450.242598148
2458450.2426277776
2458450.242657407
2458450.242687037
2458450.242716667
2458450.2427462963
2458450.242775926
2458450.2428055555
2458450.242835185
2458450.2428648146
2458450.2428944446
2458450.242924074
2458450.2429537037
2458450.2429833333
2458450.243012963
2458450.2430425924
2458450.2430722225
2458450.243101852
2458450.2431314816
2458450.243161111
2458450.2431907407
2458450.2432203703
2458450.24325
2458450.24327963
2458450.2433092594
2458450.243338889
2458450.2433685185
2458450.243398148
2458450.2434277777
2458450.243457407
2458450.2434870373
2458450.243516667
2458450.2435462964
2458450.243575926
2458450.2436055555
2458450.243635185
2458450.2436648146
2458450.2436944447
2458450.243724074
2458450.243753704
2458450.2437833333
2458450.243812963
2458450.2438425925
2458450.243872222
2458450.243901852
2458450.2439314816
2458450.243961111
2458450.2439907407
2458450.2440203703
2458450.24405
2458450.2440796294
2458450.2441092595
2458450.244138889
2458450.2441685186
2458450.244198148
2458450.2442277777
2458450.2442574073
2458450.244287037
2458450.244316667
2458450.2443462964
2458450.244375926
2458450.2444055555
2458450.244435185
2458450.2444648147
2458450.244494444
2458450.2445240743
2458450.244553704
2458450.2445833334
2458450.244612963
2458450.2446425925
2458450.244672222
2458450.2447018516
2458450.2447314817
2458450.244761111
2458450.244790741
2458450.2448203703
2458450.24485
2458450.2448796295
2458450.2449092595
2458450.244938889
2458450.2449685186
2458450.244998148
2458450.2450277777
2458450.2450574073
2458450.245087037
2458450.245116667
2458450.2451462965
2458450.245175926
2458450.2452055556
2458450.245235185
2458450.2452648147
2458450.2452944443
2458450.2453240743
2458450.245353704
2458450.2453833334
2458450.245412963
2458450.2454425925
2458450.245472222
2458450.2455018517
2458450.2455314817
2458450.2455611113
2458450.245590741
2458450.2456203704
2458450.24565
2458450.2456796295
2458450.245709259
2458450.245738889
2458450.2457685187
2458450.245798148
2458450.245827778
2458450.2458574073
2458450.245887037
2458450.2459166665
2458450.2459462965
2458450.245975926
2458450.2460055556
2458450.246035185
2458450.2460648147
2458450.2460944443
2458450.246124074
2458450.246153704
2458450.2461833335
2458450.246212963
2458450.2462425926
2458450.246272222
2458450.2463018517
2458450.2463314813
2458450.2463611113
2458450.246390741
2458450.2464203704
2458450.24645
2458450.2464796295
2458450.246509259
2458450.2465388887
2458450.2465685187
2458450.2465981483
2458450.246627778
2458450.2466574074
2458450.246687037
2458450.2467166665
2458450.2467462965
2458450.246775926
2458450.2468055557
2458450.246835185
2458450.246864815
2458450.2468944443
2458450.246924074
2458450.246953704
2458450.2469833335
2458450.247012963
2458450.2470425926
2458450.247072222
2458450.2471018517
2458450.2471314813
2458450.2471611113
2458450.247190741
2458450.2472203705
2458450.24725
2458450.2472796296
2458450.247309259
2458450.2473388887
2458450.2473685187
2458450.2473981483
2458450.247427778
2458450.2474574074
2458450.247487037
2458450.2475166665
